1	115	64	128	81
*	131	60	153	79
*	203	43	226	74
*	239	43	258	73
*	261	20	268	29
*	273	42	292	72
*	304	40	331	70
*	345	39	360	69
*	366	37	385	68
*	423	34	454	66
*	468	33	491	65
*	531	33	563	64
*	569	53	578	62
*	627	29	658	61
*	674	31	697	61
*	687	42	693	51
*	736	31	769	60
*	782	28	813	60
*	826	32	857	62
*	868	32	894	62
*	898	51	908	62
*	64	97	69	101
*	113	122	138	152
*	142	120	185	149
*	190	119	218	146
*	221	117	244	145
*	248	115	266	145
*	268	115	290	144
*	294	113	319	141
*	321	92	345	141
*	336	112	357	140
*	370	129	382	152
*	400	109	429	157
*	430	109	454	138
*	458	92	467	137
*	481	108	503	137
*	505	89	538	136
*	551	107	572	135
*	577	106	603	136
*	616	106	642	135
*	647	105	674	133
*	677	103	704	133
*	707	103	724	132
*	726	122	738	148
*	740	104	763	132
*	777	88	795	132
*	788	83	815	132
*	818	104	844	133
*	848	103	861	134
*	865	105	887	134
*	901	85	928	135
*	930	105	953	136
*	115	184	144	241
*	145	192	162	220
*	166	175	176	219
*	179	172	202	219
*	193	189	215	218
*	226	169	238	216
*	241	188	263	217
*	266	187	294	236
*	297	170	306	213
*	309	183	324	214
*	327	168	335	212
*	340	184	383	213
*	387	183	409	211
*	419	200	432	223
*	448	180	475	228
*	476	161	486	208
*	490	180	514	208
*	517	161	549	208
*	552	179	580	208
*	582	160	615	208
*	626	178	653	224
*	655	176	682	205
*	684	176	706	205
*	716	155	744	205
*	748	175	770	204
*	785	157	812	204
*	816	177	837	205
*	841	176	884	206
*	889	178	911	207
*	913	178	941	208
*	940	191	956	198
*	117	265	136	295
*	139	264	162	293
*	165	264	180	292
*	192	262	215	291
*	218	262	244	290
*	255	260	277	289
*	281	260	303	287
*	307	241	317	285
*	320	258	344	286
*	349	275	361	299
*	365	256	382	284
*	382	237	391	250
*	395	256	416	283
*	420	254	445	283
*	461	242	475	281
*	468	232	484	241
*	477	252	505	280
*	508	251	524	280
*	527	251	556	300
*	558	251	581	279
*	606	250	628	278
*	631	233	641	277
*	645	249	669	278
*	673	235	686	277
*	685	229	701	277
*	703	267	715	289
*	726	247	750	277
*	753	248	777	277
*	783	248	806	276
*	825	228	849	277
*	843	249	865	278
*	868	248	892	277
*	895	230	907	278
*	908	250	930	279
*	933	252	956	281
*	120	325	166	368
*	180	316	201	363
*	195	335	211	363
*	214	318	224	362
*	227	333	252	362
*	257	333	284	361
*	286	313	297	359
*	300	331	322	359
*	329	350	336	357
*	349	313	384	357
*	387	326	402	357
*	421	326	445	356
*	452	325	479	354
*	481	324	508	352
*	511	324	529	352
*	547	322	570	352
*	575	323	603	351
*	605	322	632	371
*	636	321	664	351
*	668	322	679	350
*	677	321	694	349
*	699	320	715	349
*	731	319	759	367
*	760	320	786	348
*	789	320	812	349
*	838	303	850	350
*	851	302	861	316
*	862	321	884	350
*	886	315	930	351
*	934	323	956	352
*	122	409	146	438
*	149	408	175	438
*	191	387	216	436
*	206	407	226	435
*	231	406	248	435
*	263	404	289	451
*	292	404	313	433
*	316	386	343	431
*	342	383	359	430
*	361	400	389	429
*	393	399	418	429
*	424	398	441	428
*	450	379	472	427
*	463	398	485	426
*	497	394	522	443
*	525	380	534	425
*	537	395	563	443
*	567	396	588	424
*	599	394	623	442
*	626	376	639	424
*	642	394	666	422
*	668	375	698	422
*	702	393	730	421
*	732	374	764	422
*	774	392	796	422
*	798	373	809	421
*	810	375	822	421
*	824	394	847	422
*	860	393	902	423
*	906	394	928	423
*	930	375	954	424
*	942	407	958	416
*	123	481	168	510
*	173	480	194	508
*	207	458	230	507
*	222	478	243	507
*	252	458	279	506
*	283	473	298	504
*	302	475	324	504
*	325	457	353	503
*	351	453	364	458
*	355	475	377	503
*	380	473	404	502
*	409	470	424	502
*	435	471	458	501
*	462	470	487	500
*	500	448	521	498
*	514	470	536	498
*	539	468	564	497
*	567	469	590	498
*	601	448	627	497
*	618	468	644	496
*	644	448	673	496
*	677	450	686	494
*	690	466	711	495
*	714	452	754	495
*	765	453	809	495
*	819	446	843	495
*	835	466	856	495
*	860	466	886	495
*	888	464	904	496
*	905	467	929	497
*	930	447	955	497
*	942	477	957	489
*	125	551	143	582
*	146	537	155	581
*	159	551	186	600
*	189	551	213	580
*	217	551	239	579
*	252	568	263	585
*	276	549	302	578
*	305	549	333	577
*	336	531	346	576
*	349	547	365	575
*	368	548	390	576
*	405	545	428	575
*	431	545	459	574
*	463	544	473	573
*	472	544	489	572
*	492	542	506	573
*	509	542	526	572
*	529	543	552	571
*	562	521	582	570
*	575	541	597	570
*	610	540	636	589
*	638	540	655	571
*	660	540	687	569
*	690	539	716	587
*	719	539	735	568
*	741	538	764	568
*	774	538	796	567
*	799	538	816	567
*	819	539	841	568
*	844	539	865	568
*	869	539	895	568
*	898	539	919	568
*	923	540	945	569
*	945	558	958	584
*	128	624	157	672
*	159	624	184	652
*	187	624	210	652
*	229	603	254	651
*	259	622	281	650
*	310	622	321	649
*	319	621	337	649
*	338	601	347	614
*	349	620	372	648
*	375	620	403	668
*	406	601	417	647
*	420	618	436	646
*	463	616	486	645
*	490	616	517	644
*	521	615	531	644
*	529	615	546	644
*	550	612	566	644
*	568	614	586	643
*	589	614	611	643
*	632	612	660	661
*	661	612	688	641
*	690	612	711	641
*	713	593	725	640
*	729	611	756	659
*	759	611	782	641
*	786	611	808	641
*	820	610	842	640
*	844	592	872	641
*	874	612	902	640
*	904	593	930	642
*	919	612	941	642
*	945	631	953	641
*	128	680	195	739
*	179	696	191	722
*	194	696	201	721
*	206	695	228	723
*	230	676	242	723
*	243	676	254	723
*	257	694	278	723
*	282	693	300	723
*	319	692	340	721
*	343	692	365	721
*	367	691	393	720
*	398	670	420	720
*	411	691	432	719
*	436	689	453	718
*	475	688	501	718
*	506	680	517	691
*	520	671	530	716
*	535	687	559	717
*	564	686	588	716
*	592	686	612	716
*	617	686	643	715
*	647	683	662	715
*	666	685	693	714
*	697	685	723	714
*	728	685	746	714
*	767	684	793	714
*	798	685	826	713
*	830	683	857	713
*	859	684	876	713
*	888	664	915	713
*	918	685	940	713
*	941	684	959	714
*	126	769	171	799
*	175	769	197	797
*	199	750	212	797
*	214	754	221	767
*	223	750	248	796
*	251	766	272	796
*	274	766	301	795
*	305	766	323	795
*	326	765	343	795
*	344	783	356	806
*	359	764	387	812
*	388	764	413	793
*	416	746	427	792
*	437	762	464	791
*	468	761	498	791
*	504	760	530	790
*	534	760	551	790
*	562	760	583	789
*	586	739	613	789
*	615	759	631	788
*	631	759	641	788
*	644	742	654	789
*	657	759	678	788
*	683	757	693	788
*	692	758	709	788
*	712	757	738	787
*	743	738	765	786
*	769	755	785	786
*	788	746	804	776
*	790	779	798	786
*	811	756	834	786
*	846	757	873	804
*	874	746	899	785
*	903	757	930	786
*	932	757	958	807
*	128	841	156	872
*	160	841	183	871
*	197	841	222	870
*	214	856	224	869
*	229	840	257	869
*	260	839	285	869
*	289	839	306	869
*	315	839	342	887
*	344	838	361	867
*	364	838	385	867
*	389	837	415	868
*	420	836	448	865
*	452	835	478	865
*	482	835	499	864
*	521	834	548	864
*	552	834	580	863
*	583	832	609	863
*	612	832	629	862
*	643	832	666	862
*	688	829	703	862
*	707	832	735	861
*	737	831	754	860
*	756	828	772	860
*	782	830	810	859
*	814	828	840	859
*	853	810	880	859
*	882	830	899	860
*	902	830	930	859
*	932	813	943	860
*	944	827	959	860
*	127	913	155	962
*	159	914	188	943
*	191	913	216	942
*	219	913	236	941
*	246	913	268	942
*	271	912	295	941
*	300	913	328	941
*	330	894	341	940
*	344	911	360	940
*	372	911	400	939
*	403	910	428	939
*	441	909	467	938
*	471	909	499	937
*	502	906	527	936
*	531	907	549	936
*	559	907	580	935
*	583	886	608	935
*	598	906	617	935
*	621	905	638	934
*	640	888	651	933
*	654	904	697	934
*	701	905	723	934
*	726	904	743	933
*	747	892	762	920
*	751	925	757	932
*	767	886	808	932
*	812	903	834	932
*	841	902	868	931
*	871	903	894	931
*	902	881	926	931
*	916	885	943	932
*	944	900	960	932
*	128	981	157	1034
*	160	987	181	1015
*	186	986	202	1015
*	214	986	235	1014
*	239	986	260	1014
*	265	985	282	1014
*	291	983	306	1014
*	309	985	325	1013
*	328	984	350	1013
*	353	966	380	1012
*	377	962	404	1011
*	408	982	426	1011
*	437	962	465	1010
*	468	962	478	1010
*	483	981	510	1009
*	515	979	539	1009
*	544	958	571	1008
*	574	978	595	1007
*	599	978	616	1008
*	626	996	641	1014
*	659	976	688	1025
*	688	977	704	1005
*	703	976	713	1006
*	717	976	739	1005
*	753	973	768	1005
*	770	976	786	1004
*	785	975	798	1004
*	817	955	844	1004
*	847	975	868	1004
*	871	955	895	1004
*	884	975	906	1004
*	906	956	933	1004
*	935	958	946	1005
*	945	985	960	993
*	129	1059	149	1088
*	151	1059	173	1087
*	177	1058	194	1087
*	198	1077	211	1094
*	218	1058	245	1087
*	247	1057	274	1105
*	284	1038	294	1085
*	300	1058	321	1086
*	334	1038	363	1085
*	365	1037	375	1084
*	379	1056	400	1084
*	404	1054	430	1084
*	434	1054	454	1082
*	457	1034	483	1082
*	486	1053	508	1082
*	514	1052	529	1081
*	528	1051	537	1081
*	541	1051	557	1080
*	568	1033	593	1080
*	598	1051	620	1080
*	636	1050	657	1079
*	661	1050	683	1079
*	686	1048	700	1079
*	704	1047	714	1080
*	722	1049	743	1078
*	769	1046	796	1095
*	800	1047	827	1077
*	829	1030	841	1076
*	844	1046	858	1076
*	861	1047	877	1076
*	879	1031	890	1077
*	893	1048	919	1077
*	922	1047	943	1077
*	947	1065	958	1085
*	129	1130	159	1179
*	161	1130	184	1159
*	189	1131	211	1159
*	228	1110	255	1159
*	258	1130	279	1158
*	283	1110	306	1157
*	294	1128	321	1176
*	323	1112	333	1156
*	337	1127	351	1157
*	354	1129	376	1157
*	373	1099	384	1116
*	399	1125	415	1157
*	416	1127	441	1156
*	463	1107	492	1155
*	495	1125	517	1154
*	521	1124	538	1153
*	559	1104	585	1153
*	576	1124	585	1152
*	601	1122	622	1151
*	626	1123	634	1151
*	635	1122	642	1128
*	644	1122	668	1151
*	673	1122	694	1151
*	696	1103	708	1152
*	710	1104	720	1151
*	723	1122	745	1150
*	749	1120	792	1150
*	796	1121	818	1150
*	821	1120	847	1150
*	851	1117	867	1149
*	873	1139	887	1164
*	897	1119	924	1168
*	925	1119	949	1149
*	950	1103	961	1151
*	991	1126	992	1173
*	132	1204	161	1233
*	164	1204	189	1232
*	193	1202	208	1232
*	219	1202	245	1250
*	249	1204	269	1231
*	272	1202	289	1230
*	292	1181	318	1230
*	321	1201	347	1229
*	358	1180	385	1229
*	387	1187	396	1200
*	398	1200	414	1229
*	413	1199	422	1217
*	425	1199	451	1228
*	469	1197	511	1226
*	516	1198	537	1226
*	540	1178	551	1225
*	554	1177	563	1191
*	567	1177	592	1224
*	595	1195	617	1224
*	620	1194	644	1224
*	648	1195	664	1224
*	668	1195	689	1223
*	693	1194	718	1223
*	720	1194	744	1223
*	758	1192	784	1241
*	784	1175	797	1222
*	801	1193	828	1222
*	831	1192	874	1222
*	877	1174	906	1222
*	916	1192	937	1221
*	940	1192	961	1222
*	991	1174	992	1208
*	132	1255	155	1306
*	148	1276	165	1305
*	168	1274	191	1304
*	194	1276	209	1304
*	213	1275	235	1303
*	244	1256	273	1303
*	276	1257	287	1302
*	291	1257	313	1302
*	334	1273	356	1301
*	358	1272	384	1322
*	388	1272	429	1300
*	434	1251	456	1299
*	463	1290	471	1299
*	463	1271	471	1280
*	474	1270	500	1318
*	503	1270	519	1298
*	522	1270	544	1299
*	548	1269	573	1298
*	578	1268	596	1298
*	605	1267	620	1297
*	622	1254	631	1269
*	633	1268	655	1297
*	659	1267	685	1297
*	697	1267	719	1296
*	722	1250	732	1294
*	734	1248	745	1295
*	747	1248	757	1295
*	761	1266	782	1295
*	786	1265	810	1294
*	814	1265	831	1294
*	833	1265	851	1294
*	855	1283	865	1294
*	879	1248	952	1310
*	925	1264	948	1293
*	950	1248	961	1294
*	134	1348	164	1378
*	164	1329	174	1343
*	176	1348	199	1377
*	209	1347	234	1377
*	237	1348	258	1375
*	262	1346	286	1375
*	302	1346	313	1375
*	311	1346	344	1374
*	348	1342	370	1374
*	373	1345	394	1373
*	396	1326	422	1373
*	425	1344	447	1373
*	450	1344	466	1373
*	477	1332	523	1374
*	535	1342	556	1371
*	560	1341	585	1371
*	589	1341	618	1390
*	618	1323	630	1369
*	634	1340	661	1370
*	664	1340	689	1369
*	692	1337	708	1369
*	711	1322	720	1367
*	724	1339	741	1368
*	750	1319	761	1368
*	763	1338	785	1367
*	789	1338	806	1368
*	820	1337	841	1366
*	845	1337	867	1367
*	869	1338	886	1367
*	888	1335	903	1367
*	906	1338	927	1367
*	930	1337	946	1366
*	947	1355	959	1380
*	135	1401	162	1451
*	151	1421	174	1449
*	193	1421	222	1469
*	225	1420	253	1448
*	256	1419	273	1447
*	276	1419	305	1467
*	307	1419	328	1447
*	332	1418	349	1447
*	376	1397	403	1446
*	405	1403	414	1417
*	416	1416	438	1446
*	442	1416	469	1445
*	472	1415	495	1444
*	513	1396	542	1445
*	545	1414	566	1446
*	568	1395	581	1443
*	583	1414	605	1442
*	630	1392	656	1441
*	660	1412	682	1441
*	696	1392	724	1441
*	727	1412	748	1441
*	751	1409	767	1441
*	767	1410	787	1440
*	809	1409	835	1458
*	839	1408	868	1439
*	869	1409	894	1439
*	896	1409	914	1439
*	926	1409	947	1439
*	947	1419	962	1428
*	136	1492	163	1521
*	168	1493	195	1521
*	199	1477	210	1520
*	212	1493	228	1521
*	240	1492	268	1519
*	271	1491	296	1519
*	307	1470	331	1519
*	321	1491	343	1519
*	357	1489	382	1518
*	385	1489	406	1518
*	410	1489	435	1518
*	439	1488	468	1537
*	471	1488	492	1516
*	496	1487	514	1516
*	523	1468	550	1516
*	529	1483	535	1487
*	554	1487	576	1515
*	586	1467	597	1514
*	600	1485	621	1514
*	636	1485	662	1534
*	666	1485	688	1514
*	690	1484	706	1513
*	709	1482	724	1513
*	727	1484	750	1513
*	764	1464	790	1512
*	794	1483	817	1512
*	825	1463	851	1512
*	841	1483	868	1511
*	872	1482	898	1512
*	907	1481	930	1512
*	931	1481	948	1511
*	950	1494	961	1502
*	991	1470	992	1522
*	137	1566	167	1615
*	170	1565	193	1594
*	196	1566	221	1594
*	225	1565	240	1593
*	244	1553	259	1584
*	247	1585	253	1592
*	261	1549	300	1599
*	302	1563	322	1591
*	327	1563	343	1592
*	345	1562	369	1592
*	372	1562	394	1590
*	398	1561	416	1590
*	427	1542	447	1589
*	443	1561	471	1589
*	475	1543	485	1588
*	488	1558	503	1589
*	505	1557	528	1588
*	539	1540	549	1588
*	552	1559	575	1588
*	590	1556	634	1588
*	638	1558	660	1587
*	662	1557	680	1587
*	694	1544	738	1588
*	750	1556	772	1586
*	776	1536	800	1585
*	789	1554	810	1585
*	813	1555	830	1585
*	834	1538	844	1584
*	846	1554	871	1584
*	874	1538	884	1583
*	886	1552	901	1584
*	912	1553	936	1585
*	937	1553	947	1584
*	948	1554	962	1583
*	139	1638	161	1667
*	164	1638	187	1668
*	190	1638	205	1669
*	208	1636	223	1669
*	226	1639	248	1667
*	249	1618	262	1668
*	271	1616	298	1666
*	300	1636	323	1666
*	333	1615	360	1665
*	363	1635	385	1665
*	388	1613	430	1664
*	439	1633	461	1664
*	465	1633	491	1663
*	500	1631	545	1663
*	549	1632	578	1662
*	580	1631	607	1662
*	610	1629	624	1663
*	626	1616	665	1662
*	667	1629	682	1661
*	682	1610	710	1661
*	713	1629	741	1661
*	744	1628	761	1660
*	764	1629	772	1638
*	764	1648	773	1660
*	776	1616	820	1661
*	827	1611	868	1658
*	870	1628	897	1677
*	899	1626	915	1657
*	918	1626	941	1657
*	944	1626	962	1657
